97
30
99
96
98
80
100
98
99
80
96
32
100
93
14
93
94
97
93
68
87
57
28
75
97
93
99
76
99
97
99
47
99
64
99
95
99
82
67
92
79
36
99
95
100
79
99
89
62
87
92
99
90
99
100
98
86
98
99
100
97
87
100
70
59
88
100
63
80
98
82
86
98
86
93
99
100
99
99
99
99
77
99
59
72
81
93
89
99
99
100
59
100
94
99
96
99
52
74
73
59
98
99
97
100
99
100
99
98
99
87
99
98
99
97
99
98
98
100
99
73
100
99
99
99
100
96
100
98
100
94
100
98
100
100
100
99
100
98
100
99
99
99
99
98
96
95
95
100
94
100
99
85
98
99
61
65
97
98
98
87
99
98
94
100
94
100
90
100
37
44
99
97
48
100
97
99
39
100
80
94
99
66
97
100
88
99
83
99
58
91
97
99
93
73
48
97
61
99
64
80
100
95
100
99
100
100
100
98
100
33
100
100
100
99
100
78
100
96
100
99
100
77
100
99
100
99
100
99
100
99
100
98
100
92
100
99
100
99
100
99
96
97
99
99
99
93
95
95
98
94
99
79
100
79
99
99
99
95
99
100
99
100
100
99
99
89
99
100
99
83
96
79
98
70
100
99
99
99
100
100
99
90
97
75
97
96
97
98
99
94
97
91
98
99
96
100
89
100
97
99
92
98
99
99
99
99
99
99
99
100
100
99
99
93
100
99
99
96
99
99
97
99
99
96
99
99
100
94
100
100
94
99
99
99
98
98
100
99
99
100
97
70
81
99
95
99
97
95
98
99
98
100
96
99
99
100
99
99
99
98
100
100
99
100
99
100
99
95
99
99
99
100
100
99
99
99
100
99
100
95
97
99
99
96
99
98
97
99
100
99
97
76
98
98
99
100
99
98
99
93
98
98
99
90
96
94
99
100
99
100
99
99
99
100
82
98
98
97
98
99
100
95
100
96
98
99
99
96
91
98
98
84
99
71
99
100
99
99
98
99
99
100
100
95
97
99
99
98
95
96
96
83
99
98
49
67
98
97
95
100
94
98
99
99
86
100
93
100
92
89
99
99
99
96
55
99
99
99
98
100
95
97
99
100
99
99
98
100
100
100
98
99
99
100
84
94
97
99
98
99
82
100
100
98
99
99
98
98
97
68
95
16
97
90
99
81
94
96
99
100
99
99
100
100
99
99
99
99
99
99
99
100
99
99
100
99
100
90
98
100
94
99
96
99
99
98
97
99
76
98
99
99
100
98
98
99
99
100
100
86
85
100
99
99
98
100
99
99
99
98
100
98
100
78
99
99
100
99
100
65
99
99
99
99
99
65
96
99
99
99
39
61
38
98
86
99
90
99
96
99
99
99
99
88
91
100
93
95
97
85
99
99
95
94
98
99
98
99
81
100
100
94
96
99
99
93
100
87
99
65
99
99
98
99
84
100
90
99
96
99
99
78
99
98
87
90
54
75
92
99
97
99
99
96
46
99
81
95
98
99
66
99
82
99
99
99
98
99
99
98
70
93
95
94
82
93
94
97
99
86
97
94
96
99
97
98
99
99
99
57
99
100
100
70
94
99
98
99
99
95
99
100
99
95
99
95
100
99
99
100
98
99
99
95
99
100
99
95
97
99
99
100
98
98
97
99
100
94
100
80
100
99
100
100
99
95
97
100
99
99
99
99
99
76
91
100
99
93
99
97
100
100
99
100
98
98
99
100
96
99
98
98
96
99
15
93
87
100
99
99
99
93
99
98
100
98
99
26
99
99
99
99
98
98
97
99
98
91
98
99
100
99
99
99
99
99
99
100
93
100
86
93
99
99
99
82
95
100
99
99
98
100
96
100
71
98
72
93
91
99
96
99
97
99
93
96
98
99
99
96
74
99
78
99
7
99
98
99
87
99
97
99
98
96
92
99
98
100
98
94
98
97
98
86
99
99
99
96
98
98
100
98
99
99
100
99
100
99
100
93
100
79
100
99
100
99
100
99
100
100
99
97
99
98
100
99
99
99
100
99
94
38
98
99
96
98
98
71
99
99
99
98
99
96
100
99
100
100
100
99
100
99
99
98
99
100
99
99
99
99
99
100
99
100
99
74
99
93
99
91
99
99
99
99
99
96
97
100
89
93
92
100
99
92
83
99
97
79
99
99
99
99
99
92
99
100
99
99
98
100
99
64
99
99
99
99
90
99
99
87
99
91
100
92
99
99
99
98
97
100
99
83
96
99
95
99
94
96
84
95
99
96
97
86
77
99
98
100
71
96
100
100
99
99
99
99
99
99
99
100
99
98
99
100
100
85
99
98
100
99
99
95
100
82
99
95
100
57
100
99
99
28
99
99
99
99
99
100
100
99
99
98
98
99
95
100
94
99
98
100
99
28
98
100
85
97
99
100
99
73
84
97
85
98
95
99
92
99
87
86
99
99
99
52
62
97
99
99
94
97
99
99
99
99
82
98
99
85
97
99
41
99
42
99
68
99
70
85
49
98
100
99
100
100
99
99
99
100
99
100
100
97
100
99
100
96
100
6
100
76
100
99
100
16
99
100
99
97
99
97
100
94
99
99
99
100
99
83
100
100
91
97
97
100
98
84
98
99
99
99
100
99
100
99
100
96
100
90
100
95
100
99
100
100
100
98
100
100
100
85
100
100
100
93
99
97
99
99
98
99
98
95
99
97
100
100
99
99
99
100
100
97
99
75
99
99
99
73
99
94
99
98
96
98
96
93
95
95
99
100
99
100
99
100
98
92
99
99
98
99
99
72
99
99
100
99
99
99
99
88
99
99
98
98
99
85
99
99
99
99
99
94
99
100
99
99
99
98
99
